7.8
1
13.4
64.2
32.2
2.8
0
0
0.8
0
0
0
0
0.4
35.4
6
20.4
16.6
2.6
0.4
18.4
14
90.8
40
1.8
2.8
2.8
0
0
0.6
5.8
8
27
0.6
36
27.2
28.2
39.2
6.6
3.2
0.2
19.6
30.4
19
0.2
0
0
0
4
11
0.4
0
0
0
0.2
4.6
8.8
0.4
0
1.2
0
0
0.4
1.8
0.8
0
0.4
0.4
2.8
13.6
8.6
17.4
0.6
0
0
0
31
35.4
28.6
0
7
9.6
18.2
104.4
33.2
26.2
68.8
10
37.7
11.6
0
33.7
9
8.4
0.6
0
0
0
3.2
40.2
9.2
24.4
16.2
1.5
37.2
3
0
0
0
1.1
0.4
8.2
8.4
1.8
0
4.2
22.4
15.4
27.6
4.8
0.8
0
0
19.8
0.4
0
0
0
0
0.4
0
0
0
0
0
0.2
0
0
0
0
0
0.2
0.2
0
0
0
0
0
0
0
0
7.4
2.8
0
0
0
0
0
0
0
0
0
0
0
0
0
0
0
7
0
0
0
0
1.4
13.4
4
0
0
0
0
0
0
0
0
0
0
0
0.2
0
1
1.2
2.4
4
0
0
0
0
0
0
0
0.6
0
0
8.4
4
4.2
0
0
0
0
0
0
0
0
0
0
0
3.2
14.6
24.4
1.8
0
0
0
0
0
0
0
0
0
0
0
0
0
0
0
0
0
2.8
10.4
33.4
26
6
15.8
0.8
2.4
0
1.6
0
29.6
13
1.4
0
0
0
0
0
2
4
2.8
46.4
86.8
1.4
4.2
39.8
29.8
11.8
1.6
0
0
0
0
0
0
0
0
0
0
4
15.6
9.2
26.4
27
37.6
0.8
0.6
0
0
14.2
6.4
23.4
0.6
10.2
4
9.8
0
5.8
4
0
6.8
39
40.6
35.4
21.2
1.2
0
0
3.4
6
44.2
2.2
1.6
0
20.5
18.8
59
11.4
0.6
6
55.4
6.2
0
0
0
0
0
0
0
0
0
0
0
0
13
34.6
27.4
32.6
27.2
33.8
22.4
37.2
27
4.8
12.2
3.4
23.8
0
2.4
3
2.2
21.8
25.5
31.8
22.6
9
35.8
9.4
0
0
26.2
1.6
0.2
0
0
0